0010010101101000
          X0010010101101000
          X0010010101101000
 60131539070010010101101000
 60131539070010010101101000
 62432472010010010101101000
 62432472010010010101101000
234273505280010010101101000
234273505280010010101101000
          X0010010101101000
          X0010010101101000
105259590230010010101101000
105259590230010010101101000
104419902440010010101101000
104419902440010010101101000
274048207360010010101101000
274048207360010010101101000
          X0010010101101000
          X0010010101101000
 60131539070010010101101000
 60131539070010010101101000
 62432472010010010101101000
 62432472010010010101101000
234273505280010010101101000
234273505280010010101101000
          X0010010101101000
          X0010010101101000
105259590230010010101101000
105259590230010010101101000
104419902440010010101101000
104419902440010010101101000
274048207360010010101101000
274048207360010010101101000
          X0010010101101000
          X0010010101101000
 51203407880010010101101000
 51203407880010010101101000
223675678720010010101101000
223675678720010010101101000
          X0010010101101000
          X0010010101101000
105259590230010010101101000
105259590230010010101101000
104419902440010010101101000
104419902440010010101101000
274048207360010010101101000
274048207360010010101101000
          X0010010101101000
          X0010010101101000
 51203407880010010101101000
 51203407880010010101101000
223675678720010010101101000
223675678720010010101101000
          X0010010101101000
          X0010010101101000
 60131539070010010101101000
 60131539070010010101101000
 62432472010010010101101000
 62432472010010010101101000
234273505280010010101101000
234273505280010010101101000
          X0010010101101000
          X0010010101101000
 51203407880010010101101000
 51203407880010010101101000
223675678720010010101101000
22367567872
